AA_n001aripo 241 241 150 150 125 131 207 207 134 134 259 271 205 261 194 194 182 186 152 152
AA_n002aripo 143 169 198 198 131 131 207 236 134 134 251 279 205 213 190 198 182 190 152 152
AA_n003aripo 152 169 178 202 131 131 195 207 134 134 255 263 205 208 198 205 217 225 152 152
AA_n004aripo 169 169 150 182 131 131 215 219 134 134 267 283 205 213 198 198 186 225 152 154
AA_n005aripo 169 249 182 202 131 133 215 219 130 136 251 255 201 245 190 198 178 178 152 164
AA_n006aripo 169 169 190 278 125 131 203 207 134 134 263 291 205 205 182 194 186 190 152 152
AA_n007aripo 169 173 184 184 125 131 207 215 134 136 259 259 201 205 194 198 186 186 152 152
AB_n008aripo 169 209 150 196 131 141 203 207 134 134 304 304 201 245 194 202 167 186 152 154
AB_n009aripo 152 169 150 173 127 131 207 215 134 140 255 267 205 261 182 198 186 190 152 152
AB_n010aripo 169 173 182 200 131 141 207 219 130 134 255 308 201 205 198 198 178 186 152 152
AB_n011aripo 169 169 192 202 127 131 199 219 134 134 251 263 205 257 190 205 182 225 152 164
AB_n012aripo 169 221 178 182 125 131 203 207 134 136 251 275 205 281 194 198 178 190 152 154
AB_n013aripo 169 169 150 192 125 131 207 207 134 134 251 251 201 205 198 202 178 186 152 156
AB_n014aripo 173 237 178 178 125 131 199 203 134 134 251 275 205 289 198 221 182 249 152 152
AB_n015aripo 169 173 186 186 131 131 207 219 136 136 263 291 205 229 190 198 178 182 152 152
AB_n016aripo 169 209 194 194 131 151 219 227 134 134 255 259 225 273 198 202 182 186 152 152
AC_n017aripo 229 233 190 202 131 131 186 207 134 134 267 312 197 205 198 198 182 186 152 152
AC_n018aripo 169 169 202 202 133 135 215 247 132 134 255 304 205 245 174 198 182 190 152 152
AC_n019aripo 169 169 184 206 125 131 203 203 134 134 226 291 205 237 198 198 178 182 152 152
AC_n020aripo 169 229 192 202 131 131 203 207 130 134 239 255 201 286 194 194 186 194 152 152
AC_n021aripo 169 173 182 192 131 133 207 239 134 134 255 259 205 245 198 198 190 221 152 154
AC_n022aripo 221 225 198 198 125 133 207 207 134 134 251 304 201 205 194 198 182 190 152 152
AD_n023aripo 164 229 182 194 131 135 195 207 134 134 259 354 213 281 178 178 186 186 152 152
AD_n024aripo 169 221 182 200 133 133 207 207 130 134 259 259 273 281 190 190 249 249 152 152
AD_n025aripo 169 245 182 184 131 135 199 207 130 130 263 263 249 273 198 198 178 249 152 152
AD_n026aripo 169 169 178 204 125 131 207 219 130 134 251 263 201 205 190 198 182 190 152 156
AD_n027aripo 169 233 182 194 131 131 195 207 134 134 251 275 237 281 198 198 186 186 152 152
AD_n028aripo 173 173 198 202 131 131 207 207 134 134 283 329 201 205 198 198 182 221 152 152
AD_n029aripo 169 229 182 192 131 131 207 219 134 134 259 263 205 205 178 205 182 217 152 152
AD_n030aripo 169 169 198 208 131 131 203 207 134 134 255 279 213 229 117 117 186 186 152 152
AD_n031aripo 169 169 192 202 131 131 199 207 134 140 235 251 213 261 117 117 186 190 152 154
AD_n032aripo 169 169 182 182 131 135 203 236 134 134 259 259 201 229 174 190 170 178 152 152
AD_n033aripo 169 229 192 202 125 127 203 207 134 134 255 259 201 281 198 205 221 221 152 152
AE_n034aripo 169 169 190 196 131 131 203 207 130 134 235 263 257 281 169 194 178 186 152 156
AE_n035aripo 173 173 173 182 131 131 207 207 134 134 239 259 197 201 186 198 182 186 154 164
AE_n036aripo 169 229 182 198 131 135 203 219 134 134 243 255 245 257 169 194 182 190 152 152
AE_n037aripo 169 169 190 202 131 131 203 203 134 134 247 271 233 233 198 198 174 186 152 154
AE_n038aripo 169 173 182 198 131 131 207 219 134 134 259 259 193 233 198 198 174 186 154 154
AE_n039aripo 169 169 182 196 131 133 203 207 134 134 259 304 201 205 162 169 190 190 152 152
AE_n040aripo 229 229 190 206 131 131 199 236 130 134 259 317 245 281 169 169 190 190 152 156
AF_n041aripo 169 229 182 206 131 131 199 203 134 134 259 312 245 281 169 190 190 190 152 152
AF_n042aripo 173 185 192 198 131 131 203 203 132 134 251 267 201 205 113 198 178 182 152 154
AF_n043aripo 169 169 173 198 127 131 203 215 130 134 251 259 273 281 194 198 182 186 152 152
AF_n044aripo 169 173 198 198 127 131 207 231 134 134 251 271 197 261 190 194 182 186 152 164
AF_n045aripo 173 173 198 198 127 131 203 219 134 140 259 283 197 257 194 198 182 186 164 164
AF_n046aripo 173 173 198 198 127 131 231 239 134 140 259 259 233 257 190 198 182 190 152 164
AF_n047aripo 173 249 192 198 131 131 231 239 134 134 243 283 233 273 198 198 186 221 152 152
AF_n048aripo 169 169 178 198 131 131 195 215 134 140 308 337 193 281 117 117 190 213 152 152
AG_n049aripo 169 173 173 178 131 131 207 211 134 134 247 267 197 197 169 190 186 190 152 152
AG_n050aripo 169 233 182 200 131 131 207 236 134 134 259 267 245 273 198 198 182 221 152 152
AG_n051aripo 173 233 150 202 129 131 207 207 134 136 271 312 197 253 166 198 174 178 152 154
AG_n052aripo 169 169 182 198 131 131 203 207 134 136 247 267 201 205 198 198 182 190 152 152
AG_n053aripo 169 185 188 190 125 125 203 203 130 134 235 263 229 257 198 202 178 178 152 164
AG_n054aripo 169 169 198 202 131 141 207 207 134 134 255 288 205 237 198 202 178 186 152 152
AG_n055aripo 229 249 150 198 125 131 207 211 134 134 259 267 205 249 198 198 178 182 152 152
AG_n056aripo 169 173 182 184 131 133 203 227 134 134 247 279 205 273 117 117 178 186 152 154
AG_n057aripo 169 169 178 182 131 141 203 215 134 136 239 271 237 237 198 229 182 186 152 164
AG_n058aripo 229 245 178 182 131 131 219 239 134 134 235 259 205 281 190 190 182 190 152 152
AG_n059aripo 173 173 192 202 125 125 203 239 130 134 226 263 201 205 194 198 186 217 152 154
AH_n060aripo 229 269 192 202 131 131 207 211 134 134 259 259 205 205 194 198 178 186 152 156
AH_n061aripo 169 233 150 188 141 151 203 203 134 136 255 255 201 205 190 198 182 190 152 152
AH_n062aripo 160 160 198 208 125 125 203 219 134 134 259 271 201 201 178 198 190 233 152 152
AH_n063aripo 169 169 196 206 131 131 207 207 134 136 247 263 205 261 198 198 186 209 152 156
AH_n064aripo 169 173 192 202 133 141 207 207 132 136 263 283 205 249 198 202 182 186 152 152
AH_n065aripo 169 169 150 180 131 135 207 236 134 134 255 259 201 201 186 198 178 190 152 170
AH_n066aripo 173 269 194 200 125 131 203 207 134 134 296 321 197 281 169 194 178 178 152 154
AH_n067aripo 169 173 182 192 125 131 203 203 134 134 259 263 273 281 198 198 186 249 152 156
AH_n068aripo 169 169 182 202 125 131 207 211 132 134 230 235 205 213 194 198 186 186 152 152
AI_n069aripo 169 169 182 186 125 131 203 207 134 134 255 275 205 229 198 229 178 186 152 164
AI_n070aripo 169 169 198 200 127 131 203 207 134 134 243 283 197 201 198 198 174 225 152 152
AI_n071aripo 169 169 178 196 131 131 211 219 134 134 283 283 201 205 113 198 178 233 152 152
AI_n072aripo 169 237 178 178 131 131 207 211 134 136 283 283 205 205 113 113 178 233 152 152
AI_n073aripo 169 233 173 182 125 131 203 207 134 134 267 283 237 245 194 198 178 178 152 154
AI_n074aripo 169 237 173 200 131 131 207 236 130 134 211 255 197 205 190 194 182 186 152 152
AI_n075aripo 173 173 173 184 131 131 203 236 130 134 337 337 273 273 194 202 190 190 152 152
AI_n076aripo 253 257 202 202 125 131 203 203 134 134 288 308 197 197 105 105 182 190 152 152
AI_n077aripo 173 229 198 202 131 131 215 236 134 134 259 317 245 281 190 190 178 190 152 152
AI_n078aripo 169 173 196 202 131 133 203 207 134 134 251 325 205 237 186 198 229 249 152 152
AI_n079aripo 169 169 196 198 131 131 203 236 132 136 255 317 245 249 198 205 182 182 152 164
AI_n080aripo 143 173 182 184 131 131 203 207 134 136 267 275 197 205 194 198 178 186 152 152
AI_n081aripo 221 221 182 204 133 133 203 236 134 134 251 296 205 281 178 198 221 249 152 152
AI_n082aripo 143 143 182 190 118 131 203 207 134 136 275 296 197 205 194 194 186 186 152 152
AI_n083aripo 164 173 182 182 131 135 199 203 134 134 255 259 208 208 198 202 190 229 152 164
AJ_n084aripo 229 253 150 182 125 131 219 236 134 134 251 255 265 265 198 198 186 186 152 152
AJ_n085aripo 169 169 190 196 131 131 207 211 130 134 235 283 201 205 194 198 178 186 152 152
AJ_n086aripo 169 169 182 198 131 131 207 207 134 134 251 308 201 205 190 194 182 186 152 154
AJ_n087aripo 169 173 182 182 131 135 207 207 134 134 239 251 205 229 144 202 182 182 152 152
AJ_n088aripo 169 173 198 198 131 131 207 236 134 134 255 259 281 281 190 221 178 182 152 152
AJ_n089aripo 169 169 182 192 131 131 207 207 132 134 283 308 201 201 117 117 182 186 152 152
AJ_n090aripo 143 173 150 200 131 133 207 247 134 134 312 317 197 205 198 198 182 186 154 154
AJ_n091aripo 169 173 178 206 133 135 203 203 134 134 255 312 281 281 198 198 159 249 152 152
AJ_n092aripo 169 169 202 202 131 133 236 236 132 134 251 259 208 249 198 198 182 186 152 156
AJ_n093aripo 169 169 150 192 129 131 199 207 132 136 255 337 249 261 194 202 186 190 152 152
AK_n094aripo 169 169 196 202 131 131 203 207 134 134 259 263 201 237 198 198 178 182 152 152
AK_n095aripo 237 257 198 202 125 131 203 231 130 134 275 325 205 213 198 198 178 249 152 152
AK_n096aripo 173 271 173 178 131 131 203 203 134 134 251 271 197 205 169 202 186 186 152 154
AK_n097aripo 169 169 178 198 125 131 215 239 134 134 263 283 208 257 198 202 186 221 152 164
AK_n098aripo 169 169 150 150 131 131 207 207 134 134 263 304 213 277 198 209 174 190 156 156
AK_n099aripo 169 169 192 192 131 133 203 219 134 136 283 288 249 261 198 202 186 190 152 152
BA_n001paria 193 201 215 219 133 135 175 175 130 130 334 354 217 241 136 144 178 182 156 165
BA_n002paria 201 205 178 215 135 135 175 175 130 130 300 321 237 237 132 140 186 206 156 165
BA_n003paria 201 213 210 215 135 135 175 175 130 130 304 312 217 225 136 144 182 182 150 156
BA_n004paria 193 205 215 219 135 135 175 175 130 130 296 350 225 237 136 144 182 182 150 154
BA_n005paria 205 213 215 215 135 135 175 175 130 130 255 291 176 233 136 140 178 186 150 156
BA_n006paria 201 209 215 215 135 135 175 264 130 130 300 312 217 237 144 186 182 182 154 156
BB_n007paria 193 205 215 215 133 135 175 175 130 130 288 321 213 237 149 154 159 190 150 150
BB_n008paria 201 201 215 215 135 135 175 264 130 130 321 329 221 221 136 144 178 182 154 156
BB_n009paria 201 213 210 223 135 135 175 175 130 130 291 304 217 229 132 140 178 186 150 156
BB_n010paria 205 205 215 215 135 135 175 175 130 130 279 325 225 229 136 136 182 186 156 156
BB_n011paria 205 205 215 215 135 135 175 175 130 130 291 329 205 241 136 140 182 182 150 154
BB_n012paria 201 201 215 215 135 135 175 264 130 130 279 321 217 229 140 149 178 186 150 156
BB_n013paria 185 209 215 215 135 135 175 264 130 130 300 312 217 241 136 186 182 202 154 156
BB_n014paria 201 205 210 215 133 133 175 175 130 130 291 317 213 225 144 144 178 178 150 150
BC_n015paria 193 205 219 219 133 135 175 179 130 130 304 334 241 306 144 186 178 182 150 156
BC_n016paria 205 205 204 210 133 135 175 175 130 130 304 312 221 221 149 149 178 202 150 156
BC_n017paria 193 197 210 215 133 135 175 175 130 136 296 337 217 221 132 144 182 206 150 156
BC_n018paria 201 213 210 215 134 135 175 175 130 130 291 304 217 221 132 140 186 186 150 156
BC_n019paria 193 193 210 215 135 135 175 175 130 130 329 350 181 237 136 136 182 182 156 156
BC_n020paria 193 201 204 215 133 135 175 175 130 136 325 337 217 221 132 144 178 182 150 156
BC_n021paria 193 205 215 215 135 135 175 175 130 130 283 296 213 217 136 149 178 178 156 156
BD_n022paria 193 205 210 215 135 135 175 264 130 130 308 317 221 294 136 140 182 182 150 156
BD_n023paria 201 209 210 219 133 135 175 175 130 130 304 334 221 237 136 149 178 190 156 156
BD_n024paria 205 213 178 215 135 135 175 175 130 130 321 321 237 237 132 140 178 186 150 156
BD_n025paria 201 225 210 210 133 135 175 175 130 130 283 312 205 229 140 154 174 198 150 156
BD_n026paria 201 201 210 215 133 135 175 175 130 130 291 334 221 233 132 136 182 190 150 156
BD_n027paria 205 209 215 219 133 135 175 175 130 130 312 334 217 302 136 144 182 182 150 150
BD_n028paria 201 241 215 215 135 135 175 175 130 130 283 288 221 233 140 213 182 190 150 150
BD_n029paria 193 201 204 215 135 135 175 175 130 130 288 334 217 221 144 144 182 198 150 150
BD_n030paria 193 201 215 215 135 135 175 179 130 130 300 325 213 225 136 136 174 178 150 150
BD_n031paria 201 205 210 215 135 135 175 175 130 130 291 334 217 302 132 136 186 190 150 154
BD_n032paria 213 233 178 204 135 135 175 175 130 130 283 321 217 221 136 149 178 186 150 150
BD_n033paria 193 209 210 215 135 135 175 175 130 130 283 329 217 229 136 140 186 186 156 156
BE_n034paria 185 197 204 215 135 135 175 264 130 130 283 308 213 229 136 140 178 182 156 156
BE_n035paria 205 209 210 215 133 135 175 179 130 130 275 312 237 237 149 154 186 206 150 156
BE_n036paria 201 213 178 215 135 135 175 179 130 130 275 279 229 233 136 136 178 182 156 156
BE_n037paria 193 197 210 215 133 135 175 175 130 130 321 334 193 213 136 136 182 186 156 156
BE_n038paria 205 205 210 215 135 135 175 175 130 130 291 312 213 225 136 136 186 190 150 156
BE_n039paria 201 201 215 215 133 133 175 264 130 130 275 312 225 229 136 136 178 186 150 156
BE_n040paria 201 201 215 219 133 135 175 175 130 130 283 291 217 237 136 140 178 178 156 156
BE_n041paria 201 201 210 215 135 135 175 175 130 130 321 334 217 237 140 144 186 190 156 156
BE_n042paria 201 209 215 215 133 135 175 175 130 130 312 312 229 237 140 154 182 194 156 156
BE_n043paria 201 205 215 215 133 135 175 175 130 130 308 312 217 237 136 186 182 186 156 156
BE_n044paria 181 205 215 215 135 135 175 175 130 130 291 325 217 225 136 144 178 178 156 156
BF_n045paria 185 205 215 219 133 133 175 175 130 134 321 325 217 229 140 144 186 198 156 156
BF_n046paria 197 221 210 210 135 135 172 223 128 130 304 334 217 302 136 144 182 182 156 156
BF_n047paria 197 201 215 219 133 135 175 175 130 130 283 291 213 225 136 144 182 182 150 156
BF_n048paria 201 201 210 219 135 135 175 175 130 130 325 337 217 298 136 144 182 190 150 156
BF_n049paria 197 201 215 215 135 135 175 175 130 130 334 334 205 237 136 136 182 182 156 156
BF_n050paria 205 205 215 215 135 135 175 260 130 130 275 329 233 237 136 140 174 190 150 156
BF_n051paria 185 201 215 215 133 135 175 264 130 130 329 329 221 237 140 149 182 186 156 156
BF_n052paria 205 209 215 219 133 135 175 175 130 134 291 321 213 237 136 144 178 186 156 156
BF_n053paria 197 201 215 215 133 135 175 175 130 130 283 312 221 229 136 140 182 182 156 156
BG_n054paria 201 201 215 215 133 135 175 175 130 130 321 334 217 229 117 144 182 182 156 156
BG_n055paria 205 209 215 215 133 135 175 175 130 130 275 329 225 237 149 213 178 182 150 150
BG_n056paria 193 217 210 210 135 135 175 175 130 130 291 337 213 237 136 140 182 182 150 150
BG_n057paria 197 225 215 215 133 133 175 175 130 130 271 291 233 237 136 140 178 182 156 156
BG_n058paria 201 209 210 215 135 135 264 264 130 130 0 0 217 225 136 154 178 182 150 150
BG_n059paria 201 209 204 215 135 135 175 175 130 130 288 317 213 217 136 144 178 182 156 156
BG_n060paria 185 201 215 215 135 135 175 175 130 130 275 291 221 229 132 144 178 186 150 150
BG_n061paria 193 201 210 215 135 135 175 175 130 130 291 312 217 302 136 136 190 190 150 156
BH_n062paria 201 205 215 215 133 135 175 175 130 130 275 312 213 221 136 144 186 186 150 156
BH_n063paria 201 209 210 215 135 135 175 175 130 130 291 334 176 233 144 149 178 182 150 156
BH_n064paria 201 201 215 215 135 135 175 175 130 130 321 325 221 221 136 140 194 198 156 156
BH_n065paria 201 213 215 219 133 133 175 175 130 130 308 325 221 225 140 186 178 182 150 156
BH_n066paria 193 201 215 215 135 135 175 175 130 130 304 308 213 213 136 140 182 182 150 150
BH_n067paria 201 209 219 219 135 135 175 175 130 130 325 334 233 237 136 140 186 186 150 156
BH_n068paria 201 201 208 215 133 133 175 175 130 130 275 283 213 221 140 149 186 186 150 156
BH_n069paria 193 201 204 215 135 135 175 175 130 130 312 334 213 221 136 140 182 186 156 156
BH_n070paria 197 225 219 219 134 134 175 175 130 130 325 334 221 237 136 140 182 186 156 156
BI_n071paria 193 205 210 223 135 135 175 175 130 134 275 325 213 221 136 140 182 190 156 156
BI_n072paria 197 201 215 215 133 135 175 175 130 134 291 300 217 225 136 140 159 178 150 156
BI_n073paria 193 201 178 219 134 135 175 175 130 130 300 370 221 225 136 140 178 182 150 156
BI_n074paria 201 201 215 219 135 135 175 175 130 130 283 334 221 237 149 149 182 186 150 156
BI_n075paria 193 197 210 210 135 135 175 175 130 130 312 334 221 221 136 144 182 186 150 156
BI_n076paria 201 213 210 215 135 135 175 260 130 130 291 329 217 221 140 144 178 178 150 156
CA_n001arouca 189 201 194 194 131 133 203 203 136 136 279 321 269 289 149 186 186 217 152 154
CA_n002arouca 197 229 192 194 158 177 203 277 136 136 308 329 213 289 149 178 217 233 152 152
CA_n003arouca 197 209 188 194 131 133 277 277 136 136 300 300 265 277 178 182 186 186 154 166
CA_n004arouca 181 197 194 194 131 158 199 199 136 136 279 291 281 281 166 178 186 252 152 166
CA_n005arouca 185 273 194 210 129 131 227 227 130 136 300 308 269 269 162 178 159 209 152 154
CA_n006arouca 185 249 171 194 129 158 0 0 130 136 300 308 249 277 174 178 186 186 152 154
CA_n007arouca 205 205 194 194 131 133 277 277 136 136 304 304 253 261 162 186 186 231 152 152
CA_n008arouca 189 257 194 194 131 135 203 227 136 136 279 300 277 289 149 182 206 252 152 152
CA_n009arouca 205 205 176 194 131 133 199 199 136 136 283 345 188 261 186 221 186 225 152 152
CA_n010arouca 177 189 194 194 133 177 199 203 136 136 321 329 269 289 117 117 186 206 152 152
CA_n011arouca 201 249 208 210 131 162 277 277 136 136 296 317 249 253 144 174 186 217 152 154
CB_n012arouca 217 257 171 171 133 133 203 272 130 136 300 300 237 281 162 213 186 209 152 152
CB_n013arouca 189 189 194 194 131 133 199 219 130 136 304 317 298 302 213 221 217 237 152 154
CB_n014arouca 185 257 192 194 131 133 203 277 136 136 308 325 261 269 162 182 186 209 152 152
CB_n015arouca 217 257 171 194 131 133 199 199 130 136 300 300 253 286 162 182 209 217 152 152
CB_n016arouca 197 197 194 194 131 133 203 207 136 136 291 300 253 294 182 213 159 159 152 152
CB_n017arouca 197 233 188 194 133 133 199 199 134 136 279 279 261 289 178 186 186 237 152 152
CB_n018arouca 197 201 171 176 131 131 191 207 136 136 304 312 263 271 174 182 174 186 152 168
CC_n019arouca 205 205 194 194 120 129 277 285 136 136 300 304 277 298 194 198 186 217 152 152
CC_n020arouca 213 217 171 188 133 153 223 272 130 136 279 300 281 289 117 162 190 209 152 154
CC_n021arouca 197 201 190 194 125 139 277 277 130 136 279 317 294 306 117 117 159 190 152 154
CC_n022arouca 164 189 194 194 131 158 285 285 136 136 304 325 265 286 144 198 217 217 152 156
CC_n023arouca 197 197 188 194 133 139 236 277 136 136 279 317 289 294 174 194 186 190 152 168
CC_n024arouca 201 209 198 198 131 133 223 223 130 136 283 296 176 265 190 202 186 209 154 154
CC_n025arouca 181 197 171 194 174 176 199 203 136 136 300 317 265 289 117 162 206 217 152 154
CC_n026arouca 205 213 194 194 120 133 203 203 130 136 300 308 261 289 190 209 186 209 152 154
CC_n027arouca 189 197 188 233 131 133 186 219 130 136 317 325 277 286 182 186 174 252 152 154
CC_n028arouca 197 197 188 194 125 133 203 215 136 136 279 300 269 277 117 182 186 190 152 152
CD_n029arouca 205 205 190 192 131 131 186 186 136 136 279 300 261 281 182 213 159 186 152 154
CD_n030arouca 185 209 196 198 131 133 219 219 136 136 288 296 277 286 190 190 174 252 152 154
CD_n031arouca 185 197 188 194 133 133 195 203 136 136 279 291 0 0 190 221 186 206 152 168
CD_n032arouca 205 205 194 198 125 125 207 211 136 136 308 321 253 269 182 202 186 233 152 152
CD_n033arouca 197 209 194 194 131 158 203 277 136 136 291 296 213 281 182 190 186 213 154 154
CD_n034arouca 189 209 196 198 129 131 285 285 130 136 283 300 176 176 178 182 174 186 152 152
CD_n035arouca 197 233 188 194 133 133 199 285 136 136 304 317 261 265 162 217 174 217 152 166
CD_n036arouca 181 205 176 194 131 177 191 223 130 136 312 325 269 289 117 213 159 186 152 154
CD_n037arouca 185 197 178 178 125 131 207 207 132 136 291 308 281 281 178 178 217 237 152 154
CD_n038arouca 181 237 190 194 131 133 215 215 136 136 279 300 277 306 194 213 206 233 152 152
CD_n039arouca 197 205 194 198 131 133 203 211 136 136 296 325 306 310 162 182 209 237 152 152
CD_n040arouca 189 241 161 194 153 158 186 203 136 136 300 304 302 302 174 209 217 217 152 152
CD_n041arouca 164 189 161 161 131 158 186 203 136 136 291 300 265 302 182 182 186 186 152 154
CD_n042arouca 181 221 188 229 125 131 203 223 136 136 304 317 188 188 117 194 174 186 152 152
CD_n043arouca 181 185 188 188 133 133 207 207 136 136 304 325 269 281 182 202 186 186 152 152
CD_n044arouca 185 193 194 194 129 131 195 203 136 136 279 312 188 245 117 178 186 206 152 152
CD_n045arouca 201 217 171 171 131 153 203 203 136 136 291 308 249 261 166 194 186 186 152 152
CD_n046arouca 189 201 194 194 125 133 207 285 136 136 279 321 225 225 186 190 174 174 152 168
CD_n047arouca 209 237 188 194 125 158 211 219 136 136 308 337 277 286 182 182 186 186 152 152
CD_n048arouca 185 189 182 194 133 139 272 277 136 136 279 300 213 277 182 194 186 186 152 152
CE_n049arouca 189 237 178 194 131 133 211 219 136 136 312 325 0 0 0 0 162 213 152 154
CE_n050arouca 177 201 178 194 133 158 199 219 136 136 312 337 237 269 190 198 209 217 152 152
CE_n051arouca 201 237 178 194 131 133 199 277 136 136 312 312 269 277 190 202 162 217 152 152
CE_n052arouca 201 201 194 194 131 133 199 203 136 136 312 312 277 294 190 190 162 174 152 154
CE_n053arouca 257 257 194 198 133 160 219 223 134 136 304 304 188 241 182 186 159 186 152 152
CE_n054arouca 213 221 198 198 129 131 195 223 136 136 308 329 188 286 182 186 186 186 152 152
CE_n055arouca 221 257 194 198 131 131 203 211 136 136 291 325 277 286 182 190 159 186 152 152
CE_n056arouca 189 205 194 231 131 158 203 203 130 136 300 317 188 261 198 221 159 186 152 152
CE_n057arouca 257 257 194 198 129 158 191 207 134 136 288 304 269 306 182 186 213 217 152 152
CE_n058arouca 197 201 188 194 131 131 186 219 130 136 296 312 213 302 166 178 159 186 152 152
CE_n059arouca 189 189 188 194 139 162 227 277 136 136 296 308 188 261 178 213 186 186 152 154
CF_n060arouca 197 197 188 194 133 147 0 0 136 136 325 329 269 281 182 190 186 217 152 166
CF_n061arouca 201 229 173 173 120 158 0 0 136 136 308 350 269 281 144 186 186 252 152 152
CF_n062arouca 201 273 182 194 131 158 191 191 130 136 279 279 213 269 186 209 186 186 152 168
CF_n063arouca 197 201 178 182 131 158 191 191 136 136 300 304 0 0 0 0 0 0 152 154
CF_n064arouca 185 197 194 198 125 133 227 227 130 130 288 308 277 281 178 182 186 190 152 154
CF_n065arouca 181 201 194 194 120 133 219 219 136 136 300 350 253 257 182 209 186 229 152 166
CF_n066arouca 197 197 194 198 133 162 203 203 136 136 291 325 277 294 178 202 190 221 152 168
CF_n067arouca 197 257 171 171 127 133 203 227 130 136 312 325 213 265 202 213 186 209 152 152
CF_n068arouca 201 205 190 194 131 158 223 277 136 136 296 308 261 306 182 194 159 186 152 154
CG_n069arouca 169 185 194 194 133 158 203 203 136 136 291 345 241 289 178 198 159 213 152 158
CG_n070arouca 201 205 198 198 131 131 186 186 136 136 325 350 237 281 178 213 186 209 152 154
CG_n071arouca 181 205 194 198 131 133 186 191 130 136 304 304 241 261 182 202 174 186 152 154
CG_n072arouca 201 205 192 194 125 131 0 0 130 136 304 325 277 277 144 198 159 186 152 166
CG_n073arouca 197 201 171 171 133 133 219 219 136 136 296 304 265 269 162 190 159 186 152 166
CG_n074arouca 197 201 188 231 129 133 211 227 130 136 304 308 241 277 178 182 190 198 152 154
CG_n075arouca 201 249 188 194 131 158 285 285 136 136 279 325 265 286 182 213 186 213 152 154
CG_n076arouca 201 213 194 194 131 131 203 223 136 136 304 308 188 241 186 190 186 186 152 154
CG_n077arouca 185 205 194 194 131 133 207 207 136 136 291 317 213 277 198 202 174 209 152 154
CG_n078arouca 189 201 194 194 133 139 203 219 136 136 300 308 229 277 194 213 209 237 152 152
CG_n079arouca 217 241 161 194 131 131 203 207 136 136 279 279 241 261 174 202 159 174 152 166
CG_n080arouca 189 201 194 194 123 131 203 203 136 136 291 291 237 269 178 178 213 233 152 154
CG_n081arouca 261 273 194 194 129 162 207 272 136 136 321 325 249 265 182 186 186 206 152 152
CG_n082arouca 201 249 188 194 131 133 207 285 130 136 325 325 188 306 149 213 186 186 152 154
CG_n083arouca 189 257 198 198 129 162 223 223 136 136 279 325 261 265 186 190 190 217 152 154
CH_n084arouca 189 233 194 194 125 158 199 227 136 136 296 296 249 261 174 194 174 186 152 154
CH_n085arouca 189 257 190 190 125 131 227 227 136 136 279 325 277 286 198 221 159 186 156 168
CH_n086arouca 205 241 161 188 125 131 219 219 136 136 291 317 265 277 178 205 186 186 152 166
CH_n087arouca 201 205 194 194 131 158 207 211 136 136 296 321 237 269 144 162 174 186 152 158
CH_n088arouca 201 205 188 194 131 133 207 207 136 136 296 321 237 269 144 162 186 233 156 158
CH_n089arouca 205 257 173 233 125 131 203 227 136 136 279 325 277 286 198 221 186 217 152 152
CH_n090arouca 201 237 171 190 133 177 191 264 130 136 300 304 277 302 144 174 186 194 152 152
CH_n091arouca 197 257 176 194 131 133 191 227 130 136 304 312 257 261 174 213 186 186 166 168
CH_n092arouca 201 201 171 180 133 158 186 186 136 136 304 312 237 314 182 182 186 186 152 152
CH_n093arouca 197 245 194 194 125 129 207 207 136 136 308 317 261 265 178 202 174 186 152 152
CH_n094arouca 213 221 194 194 125 133 186 199 136 136 308 325 253 257 202 205 186 186 152 154
CH_n095arouca 185 257 194 194 120 158 199 203 136 136 300 308 277 281 178 194 186 217 152 152
CH_n096arouca 201 205 171 186 125 133 223 223 136 136 267 279 253 269 182 182 159 217 152 154
CH_n097arouca 201 261 171 198 129 133 236 236 136 136 308 317 265 281 186 186 186 186 152 152
CH_n098arouca 257 257 188 188 129 131 207 277 136 136 279 304 269 281 186 186 174 186 152 152
CH_n099arouca 197 213 194 194 131 133 281 281 130 134 300 308 289 306 186 198 186 186 152 154
DA_n001orange 229 261 182 182 131 139 207 215 134 134 259 317 213 245 178 194 190 190 152 152
DA_n002orange 169 169 194 206 131 131 207 215 130 134 255 263 253 261 178 202 186 190 152 152
DA_n003orange 169 169 150 200 131 131 203 207 134 134 255 255 201 261 194 221 178 186 152 152
DA_n004orange 143 160 184 188 131 135 199 199 134 140 255 255 245 257 186 194 182 186 152 152
DA_n005orange 169 169 150 150 135 135 195 199 134 134 255 279 213 249 186 194 186 186 152 152
DA_n006orange 164 169 182 194 131 135 207 207 134 134 296 329 213 249 190 194 186 190 152 154
DA_n007orange 156 169 150 150 131 131 207 207 130 134 279 283 261 261 194 221 174 182 152 152
DA_n008orange 156 169 182 182 131 131 186 199 134 134 259 308 213 245 194 194 182 190 152 152
DA_n009orange 169 173 150 186 131 135 195 207 134 136 259 275 245 273 186 186 167 186 152 152
DA_n010orange 173 173 150 150 133 135 207 207 134 134 255 275 197 265 186 194 167 186 152 152
DA_n011orange 169 173 150 182 131 131 207 310 134 134 291 300 241 241 178 194 186 190 152 152
DB_n012orange 169 173 150 182 131 134 207 207 134 134 255 308 213 213 194 221 186 237 152 152
DB_n013orange 169 249 182 182 131 135 207 215 134 136 247 308 205 245 194 194 178 186 152 152
DB_n014orange 156 169 182 188 131 131 199 203 134 134 255 291 213 261 194 194 178 186 152 152
DB_n015orange 169 169 150 182 131 131 203 215 134 136 255 259 217 253 194 194 186 186 152 152
DB_n016orange 156 169 182 182 131 135 195 195 134 134 255 255 217 245 178 194 186 186 152 152
DB_n017orange 169 169 182 182 131 135 199 215 134 134 259 308 205 245 178 194 182 186 152 152
DB_n018orange 169 169 192 206 131 139 207 219 134 136 251 304 249 261 194 221 186 221 152 152
DB_n019orange 169 169 150 182 131 135 207 207 134 134 279 300 213 217 194 221 186 186 152 152
DB_n020orange 156 169 150 150 131 131 207 215 134 134 251 255 245 261 194 194 186 186 152 154
DB_n021orange 169 169 182 182 131 131 207 207 134 134 247 271 241 253 194 194 178 186 152 152
DB_n022orange 169 169 182 184 131 131 207 215 134 134 259 259 253 261 194 194 178 186 152 152
DB_n023orange 160 169 182 194 131 131 191 207 134 134 251 259 245 245 190 194 186 186 152 152
DB_n024orange 169 169 182 190 131 135 207 207 134 134 279 329 197 261 190 194 178 186 152 152
DC_n025orange 169 169 182 182 131 135 199 207 134 134 247 255 205 208 186 194 178 186 152 152
DC_n026orange 169 169 182 182 131 131 207 207 134 134 255 259 245 245 194 221 186 186 152 154
DC_n027orange 156 169 150 182 131 131 207 215 134 134 251 279 213 261 194 194 186 186 152 152
DC_n028orange 173 173 150 200 131 135 207 207 134 134 247 259 213 273 186 194 167 186 152 152
DC_n029orange 169 173 150 182 131 135 186 191 134 134 255 300 213 249 198 198 178 186 152 152
DC_n030orange 169 169 150 182 131 135 203 215 134 134 255 288 217 245 194 194 186 186 152 152
DD_n031orange 143 156 182 182 131 135 195 215 134 134 247 296 213 213 186 194 174 186 152 152
DD_n032orange 169 169 150 182 131 131 207 207 134 134 255 255 213 237 178 198 182 186 152 152
DD_n033orange 213 261 150 182 131 131 207 215 134 136 271 308 213 265 194 194 186 186 152 152
DD_n034orange 169 169 180 182 127 131 207 215 134 134 279 300 213 249 194 198 178 186 152 152
DD_n035orange 169 169 182 200 133 135 207 277 134 136 259 291 241 261 194 198 167 174 152 152
DE_n036orange 169 169 182 182 131 131 207 207 134 134 279 283 245 253 194 194 178 186 152 152
DE_n037orange 169 173 150 182 131 135 195 310 134 134 255 279 197 249 194 194 182 186 152 152
DE_n038orange 169 169 182 182 131 135 207 207 134 134 259 259 213 213 190 194 182 186 152 152
DE_n039orange 156 169 182 182 131 135 199 207 134 134 308 329 197 245 190 190 186 186 152 152
DE_n040orange 156 169 184 200 131 131 195 195 134 134 263 296 213 249 194 194 178 178 152 152
DE_n041orange 169 173 182 200 131 135 207 231 134 134 279 279 213 253 190 194 178 186 152 152
DE_n042orange 173 173 194 194 131 131 195 207 130 134 255 255 253 261 178 221 182 190 152 152
DE_n043orange 169 169 150 200 131 135 207 219 136 144 304 308 197 249 194 198 190 190 152 152
DF_n044orange 160 169 150 182 135 135 195 199 134 134 279 288 241 249 194 194 186 186 152 152
DF_n045orange 169 173 182 182 131 131 195 207 130 134 255 255 253 261 190 194 186 186 152 152
DF_n046orange 169 169 182 182 131 131 207 215 134 134 239 275 241 249 190 190 182 186 152 152
DF_n047orange 169 169 182 182 131 131 195 211 134 134 255 283 208 213 194 194 186 186 152 152
DF_n048orange 169 261 150 150 135 135 207 207 134 134 255 279 245 253 194 194 186 221 152 152
DF_n049orange 143 169 182 182 131 131 207 207 134 144 255 296 245 261 190 194 186 190 152 154
DF_n050orange 169 213 182 182 131 135 207 215 134 134 296 308 245 249 194 194 186 190 152 152
DF_n051orange 156 173 173 182 131 131 207 207 134 134 288 296 249 249 186 194 186 190 152 152
DF_n052orange 143 173 182 182 131 131 207 310 134 134 247 304 213 245 178 194 186 186 152 152
DF_n053orange 160 169 182 182 131 131 207 310 134 134 279 304 213 245 178 194 174 186 152 152
DF_n054orange 169 169 150 182 131 131 207 207 134 144 255 296 249 261 190 194 186 186 152 152
DF_n055orange 169 169 150 150 131 131 203 207 134 134 255 288 249 257 186 190 178 186 152 152
DG_n056orange 169 169 150 182 131 135 203 219 134 134 251 255 208 261 190 194 182 186 152 154
DG_n057orange 169 169 182 182 131 131 207 211 130 134 255 263 249 257 194 198 178 186 152 152
DG_n058orange 169 213 161 182 131 135 195 203 134 134 259 304 213 253 194 194 178 186 152 152
DG_n059orange 169 169 182 204 131 131 207 277 134 134 247 275 197 213 190 194 174 186 152 152
DG_n060orange 169 173 182 252 129 135 207 215 134 144 247 296 213 213 178 194 174 182 152 152
DG_n061orange 169 173 182 182 131 135 207 215 134 134 255 279 245 249 194 194 178 186 152 152
DG_n062orange 156 169 150 182 131 135 199 207 134 134 251 312 213 233 194 194 178 178 152 152
DG_n063orange 169 169 182 182 131 131 207 207 134 134 271 300 249 249 194 217 174 186 152 152
DG_n064orange 169 169 150 190 131 135 207 215 134 134 271 308 213 261 194 194 178 186 152 152
DG_n065orange 169 169 150 182 131 135 195 215 130 134 251 255 249 261 194 194 186 186 152 152
DG_n066orange 169 173 150 150 131 135 186 207 134 134 255 263 213 245 194 198 186 186 152 152
DG_n067orange 156 156 150 182 131 131 195 207 134 134 255 259 213 217 178 194 178 186 152 152
DG_n068orange 169 173 150 150 131 131 207 207 134 134 296 296 213 245 194 194 174 186 152 152
DG_n069orange 156 169 150 150 131 131 207 215 134 136 296 317 205 253 190 190 186 221 152 154
DG_n070orange 169 213 182 182 131 131 207 207 134 134 279 296 213 245 190 194 186 190 152 152
DH_n071orange 164 169 150 182 131 131 195 211 134 134 255 279 213 265 186 194 178 186 152 152
DH_n072orange 169 169 182 182 131 135 207 207 134 136 255 296 245 261 194 194 178 186 152 152
DH_n073orange 169 169 182 202 131 131 199 310 134 134 291 304 213 261 178 190 186 190 152 152
DH_n074orange 156 169 150 182 131 131 207 207 134 134 288 334 213 241 186 194 186 186 152 152
DH_n075orange 173 173 182 182 131 131 207 207 134 134 255 255 245 261 194 194 186 186 152 152
DH_n076orange 156 169 182 202 131 135 195 215 134 134 308 317 213 253 194 194 178 186 152 152
DH_n077orange 173 173 150 150 131 131 207 215 134 134 255 275 213 245 178 194 186 186 152 152
DH_n078orange 169 173 150 150 131 131 186 207 134 134 247 255 213 281 190 198 178 186 152 152
DH_n079orange 169 173 150 184 131 131 211 310 134 134 259 283 249 281 186 194 178 186 152 152
DI_n080orange 156 169 182 182 131 131 207 211 134 134 255 288 213 245 194 194 167 186 152 152
DI_n081orange 169 169 150 182 131 135 207 211 134 136 247 255 245 249 194 202 186 190 152 152
DI_n082orange 164 169 150 182 131 131 195 215 130 134 255 259 213 261 194 194 186 186 152 152
DI_n083orange 169 169 182 182 131 135 207 207 134 134 288 317 245 253 194 221 186 186 152 152
DI_n084orange 169 169 182 182 135 135 203 207 134 134 255 263 197 257 194 194 178 182 152 152
DI_n085orange 156 169 182 182 135 135 207 215 134 136 279 279 197 245 194 198 182 186 152 152
DJ_n086orange 169 173 150 200 131 131 207 207 134 144 239 279 241 249 194 194 178 186 152 152
DJ_n087orange 169 173 182 182 131 131 207 211 134 134 255 259 205 253 194 198 178 178 152 152
DJ_n088orange 156 156 182 184 131 131 186 215 130 134 288 329 241 261 194 198 186 190 152 152
DJ_n089orange 169 213 182 252 131 135 211 223 134 134 259 259 249 265 186 194 182 186 152 152
DJ_n090orange 156 169 150 182 131 135 207 211 134 134 255 296 213 281 190 198 186 186 152 152
DJ_n091orange 169 169 150 182 131 135 207 215 134 134 259 263 233 253 194 194 178 186 152 152
DJ_n092orange 164 169 182 194 131 131 207 207 134 136 279 308 213 261 186 186 186 190 152 152
DJ_n093orange 156 169 182 200 135 135 199 207 134 134 259 291 213 253 186 209 178 221 152 152
DK_n094orange 164 169 182 200 131 131 199 207 134 136 308 329 245 245 186 194 174 186 152 154
DK_n095orange 169 169 182 192 135 135 207 231 134 136 308 325 197 213 186 194 186 190 152 152
DK_n096orange 169 169 150 182 131 131 211 211 134 134 259 259 197 217 194 194 178 186 152 152
DK_n097orange 169 169 150 182 131 131 207 215 134 134 247 288 217 245 190 194 186 186 152 152
DK_n098orange 169 261 150 150 131 135 207 215 134 136 255 271 213 253 190 194 178 186 152 152
DK_n099orange 169 169 184 202 135 139 207 207 134 134 300 312 249 253 194 194 186 190 152 152
DK_n100orange 156 173 182 182 131 135 207 211 134 134 275 329 257 261 194 194 186 186 152 152
DK_n101orange 169 169 184 184 131 131 207 215 134 134 255 255 245 261 194 194 167 190 152 152
DK_n102orange 156 169 182 182 131 131 199 207 134 134 279 291 213 261 186 194 186 190 152 152
DL_n103orange 156 169 182 182 131 135 207 231 134 136 267 279 213 245 194 202 190 190 152 154
DL_n104orange 169 261 182 182 131 131 207 207 134 134 255 308 261 261 194 194 182 186 152 152
DL_n105orange 156 169 150 182 131 135 195 207 134 136 255 304 265 265 194 202 186 221 152 152
DL_n106orange 169 173 182 194 131 135 203 203 134 136 296 325 245 261 194 194 186 221 152 152
DL_n107orange 156 160 182 182 131 135 207 215 134 134 255 271 213 253 194 194 178 182 152 152
DL_n108orange 169 225 150 182 131 131 207 211 134 134 271 283 181 249 194 198 186 213 152 159
DL_n109orange 169 169 182 182 131 135 215 215 134 134 259 259 181 213 149 194 186 186 152 152
DL_n110orange 156 169 182 182 131 131 195 207 134 134 247 255 213 249 194 194 178 186 152 152
DL_n111orange 169 169 150 182 131 135 203 203 134 136 247 300 213 213 194 194 182 186 152 152
DL_n112orange 156 169 150 182 131 135 207 211 134 134 255 255 213 257 194 194 186 186 152 152
DL_n113orange 156 160 150 182 131 135 195 215 134 134 271 279 213 253 194 194 178 182 152 152
DL_n114orange 229 261 182 194 131 135 203 203 134 134 296 325 245 261 178 194 190 221 152 152
DL_n115orange 164 169 182 182 131 135 195 207 134 134 288 325 213 213 194 194 186 186 152 152
